0.0 0.0 0.0 0.0 0.0 0.0 0.0 0.0 0.0 0.0 0.0 0.0 
0.006666666666666667 0.0066666666666664876 0.00606060606060589 0.005555555555555392 0.005128205128204971 0.004761904761904611 0.004444444444444299 0.004166666666666525 0.003921568627450842 0.0037037037037035707 0.003508771929824432 0.003333333333333207 
0.013333333333333334 0.01333333333333297 0.012121212121211774 0.011111111111110778 0.010256410256409937 0.009523809523809218 0.008888888888888592 0.008333333333333047 0.007843137254901683 0.007407407407407138 0.007017543859648862 0.006666666666666411 
0.02 0.019999999999999435 0.018181818181817643 0.016666666666666156 0.015384615384614895 0.014285714285713817 0.013333333333332881 0.01249999999999956 0.011764705882352518 0.011111111111110699 0.010526315789473287 0.009999999999999612 
0.02666666666666667 0.026666666666665888 0.024242424242423503 0.022222222222221522 0.020512820512819843 0.019047619047618407 0.017777777777777157 0.01666666666666607 0.015686274509803342 0.014814814814814257 0.014035087719297705 0.013333333333332805 
0.03333333333333333 0.033333333333332306 0.030303030303029332 0.027777777777776867 0.02564102564102477 0.023809523809522976 0.022222222222221425 0.02083333333333256 0.019607843137254156 0.0185185185185178 0.01754385964912211 0.01666666666666599 
0.04 0.039999999999998696 0.036363636363635134 0.03333333333333218 0.030769230769229668 0.028571428571427526 0.02666666666666567 0.024999999999999037 0.023529411764704956 0.02222222222222133 0.021052631578946508 0.01999999999999916 
0.04666666666666667 0.046666666666665024 0.04242424242424089 0.03888888888888745 0.03589743589743454 0.03333333333333205 0.031111111111109892 0.029166666666665494 0.027450980392155738 0.025925925925924843 0.024561403508770886 0.023333333333332318 
0.05333333333333334 0.0533333333333313 0.0484848484848466 0.04444444444444269 0.041025641025639374 0.038095238095236544 0.03555555555555408 0.03333333333333192 0.03137254901960649 0.029629629629628333 0.028070175438595243 0.02666666666666546 
0.06 0.05999999999999748 0.054545454545452225 0.04999999999999787 0.04615384615384415 0.042857142857140984 0.039999999999998224 0.03749999999999832 0.03529411764705721 0.03333333333333179 0.031578947368419576 0.029999999999998573 
0.06666666666666667 0.06666666666666356 0.06060606060605778 0.05555555555555297 0.05128205128204888 0.04761904761904538 0.04444444444444234 0.041666666666664666 0.0392156862745079 0.03703703703703522 0.03508771929824388 0.03333333333333167 
0.07333333333333333 0.07333333333332949 0.06666666666666321 0.061111111111107966 0.05641025641025352 0.0523809523809497 0.048888888888886387 0.04583333333333097 0.04313725490195854 0.040740740740738614 0.038596491228068144 0.036666666666664724 
0.08 0.07999999999999523 0.07272727272726849 0.06666666666666285 0.06153846153845805 0.057142857142853935 0.05333333333333035 0.0499999999999972 0.047058823529409134 0.04444444444444195 0.04210526315789237 0.03999999999999774 
0.08666666666666667 0.08666666666666073 0.07878787878787359 0.0722222222222176 0.06666666666666247 0.06190476190475808 0.05777777777777423 0.05416666666666336 0.050980392156859664 0.04814814814814523 0.04561403508771654 0.043333333333330705 
0.09333333333333334 0.0933333333333259 0.08484848484847841 0.07777777777777212 0.07179487179486672 0.06666666666666207 0.062222222222218 0.05833333333332942 0.05490196078431009 0.05185185185184843 0.04912280701754065 0.04666666666666362 
0.1 0.09999999999999065 0.09090909090908293 0.0833333333333264 0.07692307692307078 0.0714285714285659 0.06666666666666163 0.062499999999995365 0.05882352941176043 0.05555555555555156 0.05263157894736467 0.049999999999996464 
0.10666666666666667 0.10666666666665481 0.09696969696968705 0.08888888888888034 0.08205128205127456 0.07619047619046951 0.07111111111110507 0.06666666666666117 0.06274509803921063 0.059259259259254564 0.056140350877188605 0.053333333333329215 
0.11333333333333333 0.1133333333333182 0.10303030303029055 0.09444444444443387 0.08717948717947802 0.08095238095237287 0.07555555555554833 0.07083333333332677 0.06666666666666067 0.06296296296295743 0.059649122807012414 0.05666666666666187 
0.12 0.11999999999998054 0.10909090909089332 0.09999999999998684 0.09230769230768103 0.08571428571427588 0.07999999999999129 0.07499999999999217 0.07058823529411053 0.06666666666666016 0.06315789473683608 0.059999999999994405 
0.12666666666666668 0.12666666666664145 0.11515151515149512 0.10555555555553907 0.0974358974358835 0.09047619047617846 0.08444444444443389 0.07916666666665725 0.07450980392156017 0.07037037037036266 0.0666666666666596 0.0633333333333268 
0.13333333333333333 0.13333333333330036 0.1212121212120955 0.11111111111109032 0.10256410256408523 0.09523809523808047 0.08888888888887604 0.083333333333322 0.07843137254900948 0.07407407407406491 0.07017543859648287 0.06666666666665898 
0.14 0.13999999999995652 0.12727272727269412 0.11666666666664029 0.10769230769228604 0.09999999999998177 0.09333333333331766 0.0874999999999863 0.08235294117645844 0.07777777777776687 0.07368421052630592 0.06999999999999097 
0.14666666666666667 0.1466666666666088 0.13333333333329014 0.1222222222221885 0.11282051282048554 0.10476190476188209 0.0977777777777585 0.09166666666664997 0.0862745098039069 0.08148148148146842 0.07719298245612861 0.07333333333332266 
0.15333333333333332 0.15333333333325566 0.13939393939388267 0.12777777777773433 0.11794871794868336 0.10952380952378117 0.1022222222221984 0.09583333333331293 0.09019607843135478 0.0851851851851695 0.0807017543859509 0.07666666666665403 
0.16 0.15999999999989478 0.14545454545447045 0.13333333333327696 0.12307692307687897 0.11428571428567864 0.10666666666663709 0.09999999999997493 0.09411764705880192 0.08888888888886999 0.08421052631577271 0.07999999999998497 
0.16666666666666666 0.16666666666652274 0.1515151515150514 0.13888888888881526 0.12820512820507154 0.11904761904757395 0.11111111111107418 0.10416666666663571 0.09803921568624809 0.09259259259256966 0.08771929824559387 0.0833333333333154 
0.17333333333333334 0.17333333333313464 0.1575757575756229 0.14444444444434748 0.13333333333326008 0.1238095238094664 0.11555555555550917 0.10833333333329492 0.10196078431369304 0.09629629629626839 0.09122807017541427 0.08666666666664517 
0.18 0.17999999999972302 0.16363636363618084 0.14999999999987126 0.13846153846144305 0.12857142857135498 0.11999999999994138 0.11249999999995203 0.10588235294113639 0.09999999999996587 0.09473684210523364 0.08999999999997414 
0.18666666666666668 0.18666666666627676 0.1696969696967195 0.15555555555538333 0.1435897435896184 0.1333333333332384 0.1244444444443699 0.11666666666660647 0.1098039215685777 0.10370370370366176 0.0982456140350518 0.09333333333330211 
0.19333333333333333 0.19333333333277902 0.17575757575723017 0.1611111111108789 0.14871794871778335 0.13809523809511481 0.12888888888879352 0.12083333333325734 0.11372549019601634 0.10740740740735559 0.10175438596486831 0.09666666666662876 
0.2 0.1999999999992042 0.18181818181770024 0.16666666666635097 0.1538461538459337 0.1428571428569817 0.13333333333321062 0.12499999999990352 0.11764705882345156 0.11111111111104685 0.10526315789468278 0.09999999999995382 
0.20666666666666667 0.20666666666551264 0.18787878787811063 0.1722222222217895 0.15897435897406373 0.14761904761883546 0.13777777777761882 0.12916666666654344 0.12156862745088216 0.11481481481473464 0.10877192982449466 0.1033333333332768 
0.21333333333333335 0.21333333333164287 0.19393939393843299 0.17777777777717987 0.16410256410216517 0.15238095238067118 0.142222222222015 0.13333333333317504 0.12549019607830678 0.11851851851841799 0.11228070175430313 0.10666666666659713 
0.22 0.2199999999974985 0.1999999999986239 0.18333333333250026 0.16923076923022612 0.15714285714248183 0.1466666666663948 0.13749999999979542 0.1294117647057235 0.12222222222209551 0.11578947368410719 0.1099999999999141 
0.22666666666666666 0.2266666666629271 0.20606060605861734 0.18888888888771838 0.17435897435822928 0.16190476190425743 0.15111111111075212 0.1416666666664007 0.13333333333312955 0.12592592592576538 0.11929824561390558 0.11333333333322673 
0.23333333333333334 0.23333333332768538 0.21212121211831142 0.19444444444278605 0.17948717948614945 0.1666666666659838 0.1555555555550784 0.1458333333329854 0.13725490196052154 0.12962962962942515 0.12280701754369654 0.11666666666653375 
0.24 0.23999999999138155 0.21818181817754775 0.19999999999763035 0.18461538461394955 0.1714285714276404 0.15999999999936163 0.14999999999954208 0.1411764705878944 0.13333333333307149 0.12631578947347774 0.11999999999983349 
0.24666666666666667 0.2466666666533787 0.22424242423607849 0.20555555555214083 0.18974358974157488 0.1761904761891978 0.16444444444358466 0.1541666666660603 0.14509803921524148 0.1370370370366999 0.12982456140324608 0.12333333333312373 
0.25333333333333335 0.2533333333126321 0.23030303029351173 0.21111111110614822 0.1948717948689437 0.1809523809506129 0.1688888888877231 0.15833333333252528 0.14901960784255358 0.14074074074030432 0.13333333333299738 0.12666666666640153 
0.26 0.2599999999674119 0.23636363634922367 0.21666666665939163 0.19999999999593357 0.1857142857118226 0.17333333333174203 0.16249999999891648 0.1529411764698178 0.14444444444387639 0.136842105262726 0.129999999999663 
0.26666666666666666 0.2666666666148271 0.24242424240221214 0.2222222222114657 0.2051282051223595 0.1904761904727341 0.17777777777559092 0.16666666666520463 0.15686274509701625 0.1481481481474046 0.1403508771924244 0.13333333333290287 
0.2733333333333333 0.27333333325000014 0.24848484845085386 0.22777777776173586 0.21025641024794017 0.19523809523320934 0.18222222221919648 0.17083333333134804 0.16078431372412388 0.1518518518508733 0.14385964912208216 0.13666666666611407 
0.28 0.2799999998646241 0.254545454492497 0.2333333333092008 0.21538461537224465 0.19999999999304255 0.18666666666245163 0.174999999997287 0.16470588235110548 0.15555555555426043 0.1473684210516851 0.13999999999928717 
0.2866666666666667 0.2866666664444155 0.26060606052277174 0.23888888885226833 0.22051282049460794 0.20476190475192413 0.19111111110519902 0.17916666666293551 0.16862745097791096 0.15925925925753556 0.1508771929812137 0.1433333333324092 
0.29333333333333333 0.29333333296457886 0.2666666665344161 0.24444444438838697 0.22564102561399696 0.2095238095093857 0.195555555547206 0.18333333332816887 0.17254901960446928 0.16296296296065585 0.15438596491064108 0.14666666666546252 
0.3 0.2999999993816539 0.2727272725152558 0.2499999999134357 0.2307692307287951 0.21428571426471418 0.19999999998812643 0.18749999999280562 0.1764705882306788 0.16666666666356122 0.15789473683992994 0.1499999999984231 
0.30666666666666664 0.3066666656187254 0.27878787844470365 0.25555555542070557 0.23589743583645378 0.2190476190168159 0.20444444442744245 0.19166666665657964 0.18039215685639323 0.17037037036616653 0.16140350876902831 0.15333333333125776 
0.31333333333333335 0.31333333153834175 0.2848484842876402 0.2611111108991878 0.24102564093292675 0.22380952376400298 0.20888888886437396 0.1958333333190988 0.18431372548140115 0.1740740740683508 0.16491228069786337 0.15666666666392087 
0.32 0.31999999689245967 0.29090908998362675 0.2666666663306729 0.24615384601174223 0.2285714285036526 0.213333333297739 0.19999999997978177 0.18823529410539513 0.17777777776994116 0.16842105262633278 0.15999999999634895 
0.32666666666666666 0.3266666612290562 0.2969696954277307 0.2722222216847989 0.25128205106247326 0.23333333323166178 0.21777777772573498 0.2041666666377618 0.19215686272792576 0.18148148147068946 0.17192982455429176 0.16333333332845368 
0.3333333333333333 0.33333332371623675 0.3030303004361473 0.27777777691053224 0.256410256068196 0.23809523794156806 0.22222222214559628 0.20833333329173903 0.1960784313483326 0.18518518517023738 0.17543859648153487 0.16666666666011132 
0.34 0.3399999828077943 0.309090904684039 0.283333331921397 0.2615384610012382 0.2428571426231235 0.22666666655305204 0.21249999993975258 0.19999999996563986 0.1888888888680651 0.17894736840776881 0.16999999999114807 
0.3466666666666667 0.34666663560121286 0.31515150759216815 0.2888888865696664 0.2666666658160148 0.24761904725996514 0.23111111094146547 0.2166666665788267 0.20392156857839727 0.19259259256341457 0.18245614033257293 0.1733333333213182 
0.35333333333333333 0.3533332765934229 0.3212121081183581 0.2944444406009141 0.27179487043687073 0.25238095182578646 0.23555555530045727 0.220833333204419 0.20784313718443795 0.19629629625517456 0.18596491225534104 0.17666666665027322 
0.36 0.35999989524604664 0.32727270437054595 0.2999999935733475 0.27692307473730093 0.25714285627800176 0.2399999996136911 0.22499999980955412 0.21176470578050635 0.19999999994170733 0.1894736841751954 0.17999999997751617 
0.36666666666666664 0.36666647117480494 0.3333332928825383 0.3055555447135006 0.2820512785041762 0.2619047605471926 0.24444444385528893 0.22916666638345642 0.21568627436168347 0.203703703620587 0.19298245609085837 0.1833333333023353 
0.37333333333333335 0.37333296455215037 0.3393938672465739 0.31111109265602666 0.2871794813757068 0.2666666645194111 0.24888888798399314 0.2333333329093795 0.2196078429204952 0.207407407288201 0.19649122800046148 0.18666666662370643 
0.38 0.37999929677284633 0.34545441550876965 0.31666663497075836 0.29230768273308017 0.27142856800630577 0.25333333193359886 0.23749999936114002 0.22352941144552113 0.21111111093914087 0.19999999990125802 0.18999999994014868 
0.38666666666666666 0.3866653111215716 0.35151491516443684 0.32222216729623027 0.2974358815097899 0.27619047069434866 0.25777777559717735 0.24166666569755232 0.227450979919212 0.21481481456526674 0.2035087717891908 0.193333333249511 
0.3933333333333333 0.3933306919708365 0.3575753234562915 0.3277776817394215 0.3025640758536721 0.28095237205796286 0.26222221880089686 0.24583333185343745 0.23137254831444687 0.21851851815426243 0.20701754365823583 0.19666666654865372 
0.4 0.3999947971486134 0.3636355583998962 0.3333331638964505 0.30769226252343423 0.28571427120986875 0.26666666126030764 0.24999999772501544 0.2352941165890731 0.22222222168739267 0.2105263154994046 0.19999999983297279 
0.4066666666666667 0.40665630673257824 0.36969546134257597 0.33888858726085264 0.3128204358031082 0.290476166641521 0.27111110250688664 0.2541666631460313 0.23921568467719975 0.22592592513600387 0.21403508729921636 0.20333333309568377 
0.41333333333333333 0.4133124799803151 0.3757547224228783 0.34444390264339164 0.3179485855347936 0.2952380557698303 0.27555554176382246 0.2583333278485076 0.24313725247523651 0.22962962845603765 0.217543859037351 0.20666666632674185 
0.42 0.41995756773855875 0.38181273083948836 0.34999901798981 0.32307669352691903 0.29999993414015447 0.2799999777346282 0.2624999913978392 0.247058819819384 0.2333333315793806 0.22105263068302228 0.20999999951120313 
0.4266666666666667 0.42657938771574055 0.3878682713853222 0.35555375956721036 0.3282047269474637 0.3047617940152284 0.2844444082411068 0.26666665308482157 0.25098038644913845 0.2370370344001592 0.2245614021893485 0.21333333262672743 
0.43333333333333335 0.43315186777007414 0.39391890389215534 0.36110779670729837 0.33333262607986486 0.3095236218596267 0.28888882959933104 0.27083331174496195 0.25490195194779325 0.24074073675290797 0.22807017348457018 0.2166666656397556 
0.44 0.43961867082712514 0.39995968296363044 0.36666049469057166 0.3384602814604756 0.31428539382412196 0.2933332355371324 0.274999965454291 0.25882351564489137 0.2444444383776136 0.23157894445828325 0.2199999984996301 
0.44666666666666666 0.4458569839972254 0.40598049349998866 0.37221062479416284 0.343587490866357 0.3190470675831675 0.29777761530410274 0.2791666110141831 0.26274507645540357 0.24814813886344644 0.235087714939749 0.22333333112950937 
0.4533333333333333 0.451597166961754 0.4119604584674111 0.37775578813876426 0.3487138777820506 0.32380856747714853 0.3022219503503981 0.28333324307357916 0.2666666326130887 0.2518518375577099 0.238596484663552 0.22666666341226288 
0.46 0.4562452172695465 0.41785610992824834 0.38329126152426074 0.35383873567525076 0.3285697572782145 0.30666620845266274 0.2874998526243572 0.2705881812259156 0.2555555334177219 0.24210525321495535 0.22999999516846883 
0.4666666666666667 0.4584990235723632 0.4235762051689311 0.3888076668979929 0.3589607283187905 0.33333038991971714 0.3111103332570856 0.2916664244065457 0.2745097175305914 0.2592592247685804 0.24561401994251159 0.2333333261219321 
0.47333333333333333 0.4555705380241062 0.4289279117929859 0.39428622924374485 0.36407730873561256 0.33809001405118355 0.31555422554252127 0.29583293240629066 0.2784312336354408 0.262962908904892 0.24912278381760913 0.23666665584538674 
0.48 0.4418694963916903 0.4335020680426942 0.39968905907266605 0.36918358415725727 0.3428477991173045 0.31999770942776473 0.29999933199702933 0.2823527163883638 0.2666665814324455 0.25263154320758985 0.23999998367458647 
0.4866666666666667 0.4078942096007372 0.43643221646498603 0.40493912289030626 0.3742700826062894 0.34760220562298577 0.32444047102541285 0.3041655461370689 0.28627414374025917 0.2703702351741759 0.25614029550740125 0.24333330857173327 
0.49333333333333335 0.34330319153013666 0.4359105147978729 0.4098788211590587 0.37931832748918837 0.3523503592303693 0.32888194634560236 0.3083314409798306 0.2901954785065931 0.2740738583422493 0.2596490365385399 0.2466666289073213 
0.5 0.25 0.4283228147899476 0.4141844823899669 0.38429201316482203 0.3570868544928705 0.3333211151228501 0.31249678251091934 0.2941166576040003 0.27777743146747974 0.2631577595632769 0.2499999421099898 
0.5066666666666667 0.1528962165382757 0.40716446170881976 0.41719208000061786 0.3891193190212018 0.3618014531723135 0.3377561191362918 0.31666115897856834 0.29803757337270365 0.28148092221332943 0.2666664536596665 0.25333324410180935 
0.5133333333333333 0.0800399692077917 0.3633767540256526 0.417554672914789 0.3936573708797664 0.3664746276688049 0.34218355105132525 0.3208238412811079 0.30195804097835516 0.28518427656954903 0.27017510102912906 0.25666652838311765 
0.52 0.03766177238798906 0.29147586911504403 0.4126283432588658 0.39762099718298327 0.37106888369227964 0.34659712095646766 0.3249835301473401 0.30587774118917177 0.28888740381668204 0.2736836725125511 0.25999978454222505 
0.5266666666666666 0.01664695236034555 0.20166453293951087 0.39761748923534695 0.40044168442809924 0.37551179309902005 0.35098514076430865 0.3291378955272593 0.3097961193460206 0.29259015071532074 0.27719212008446736 0.26333299581675346 
0.5333333333333333 0.007100661167523608 0.11919840709338494 0.3652847282896621 0.40099769623079284 0.3796627644208819 0.35532575161439767 0.3332827323762023 0.3137122059595569 0.2962922569561319 0.2807003642239534 0.26666613508365383 
0.54 0.0029626014057032106 0.06200497705209975 0.3089281336398953 0.3971389089798383 0.3832481973964724 0.3595778256122896 0.3374104043204067 0.31762429630859257 0.2999932778457327 0.28420827255547565 0.26999915823322246 
0.5466666666666666 0.0012165946902115813 0.029658377252845484 0.2311041892479599 0.38501383444700205 0.38573669448578735 0.36366356505643205 0.3415069586309874 0.3215293749751125 0.30369244940074325 0.2877156235382173 0.27333199316691964 
0.5533333333333333 0.0004930458666307707 0.013502263781510945 0.14947780282697298 0.35869845203821027 0.3861072980085936 0.3674352145398317 0.3455467515556993 0.3254220765225118 0.307388451671861 0.2912220444185792 0.2766645214390996 
0.56 0.00019742118920789315 0.005970382706015778 0.08458846148166238 0.31192694401761195 0.3824536896484066 0.3706117308519049 0.349482396096246 0.3292927984066032 0.3110789912919027 0.2947269046562414 0.2799965474739832 
0.5666666666666667 7.813981547591204e-5 0.0025905380716387677 0.04341372255663556 0.2442730464758941 0.3714386728220449 0.37266031313533415 0.3532259231757889 0.3331242576971227 0.3147600612780075 0.2982291319291077 0.2833277466954357 
0.5733333333333334 3.057798593337493e-5 0.001108311827670062 0.02095533501070228 0.1677485910376848 0.34798846067282985 0.3725835209509322 0.35661352987444694 0.33688518186897626 0.31842462185191284 0.3017268928530341 0.2866575776955975 
0.58 1.1831470622354436e-5 0.0004685563393203718 0.009752227714786527 0.1011198911615487 0.30657788809158 0.36857053851074345 0.359340160369666 0.34051871487286617 0.32206023809903145 0.30521703616098195 0.2899851327839358 
0.5866666666666667 4.52664994859129e-6 0.0001959321169819343 0.004437118815391662 0.05498038467532266 0.2459837892443581 0.3575462794429296 0.36084068650830264 0.3439211014601756 0.32564483154362844 0.308694116868363 0.2933088824525183 
0.5933333333333334 1.7124981173699956e-6 8.107264011491432e-5 0.0019876433061039923 0.027902056387844258 0.17511568123936483 0.33498261714524863 0.36008433778876636 0.3469026517776904 0.32913901464537587 0.3121486781744604 0.2966262363656139 
0.6 6.406217220264881e-7 3.320059793283766e-5 0.0008795776899466803 0.013573880853627866 0.11018596564557766 0.2960999314670742 0.35525617164551726 0.3491171273699432 0.33247223821382127 0.3155642137632341 0.2999327856160923 
0.6066666666666667 2.369701308920332e-7 1.3457179786828969e-5 0.00038510939127385513 0.0064344106090759605 0.06256629459093804 0.23988590801485332 0.34338854347099707 0.3499375899698113 0.33551779688691985 0.3189117784055256 0.303220989004087 
0.6133333333333333 8.667770991747445e-8 5.399002102694404e-6 0.00016694587097174104 0.0029983034587650953 0.03306343180809655 0.17391770051357117 0.32032711571970723 0.3482512645621939 0.3380480574834769 0.32214040583734826 0.3064778860498589 
0.62 3.135049277443262e-8 2.1440305701323704e-6 7.167822557089904e-5 0.0013795231276873877 0.01669573787375646 0.11229846658544351 0.2820423806211204 0.3421653715457325 0.3396556906620567 0.3251600755963419 0.3096811017987913 
0.6266666666666667 1.1212580628860874e-8 8.427715710545132e-7 3.0484608809637088e-5 0.000628060279450122 0.008196709672072127 0.06570524381184825 0.2282789776144481 0.3287280278887876 0.33962038785955506 0.32781156732212247 0.31279185055147457 
0.6333333333333333 3.9654468180817865e-9 3.2790814204193894e-7 1.2843502963368263e-5 0.0002832268483899398 0.00395121773978801 0.03581062494558431 0.16634315587151632 0.304097455315058 0.3367014328888275 0.32981374539702163 0.31574267700557274 
0.64 1.3867719832097487e-9 1.2628720301596506e-7 5.3605383175497106e-6 0.00012657114274568302 0.0018798848469554824 0.018639230572118623 0.10876017699665555 0.2650839204823245 0.3288730139936866 0.3306737780273097 0.3184160330976567 
0.6466666666666666 4.795626666163407e-10 4.814292301462606e-8 2.2164672708525403e-6 5.606576744937506e-5 0.000885062573644396 0.009425136341862567 0.06483454886675548 0.2125656245030608 0.3131626460647638 0.32954243010333767 0.32060715362598147 
0.6533333333333333 1.6398873635384144e-10 1.8166554091381425e-8 9.079152668193616e-7 2.461884767958301e-5 0.000412872223421018 0.004677307568507755 0.0361330536105389 0.15414351095977055 0.2860887360475708 0.32500715025591875 0.3219609335293314 
0.66 5.545132849180967e-11 6.7854805217741046e-9 3.6843613574404845e-7 1.0716795927670123e-5 0.00019095245750784678 0.002290620220660523 0.01926253194739652 0.1010340268358633 0.24549811206481215 0.3148761847678026 0.3218687279460952 
0.6666666666666666 1.8541295844805388e-11 2.508750824910782e-9 1.481198629431201e-7 4.624865546818499e-6 8.758532545599756e-5 0.0011102157447504264 0.009982298160142221 0.06082843829396605 0.19368930487973354 0.29618701705591033 0.31931280493058345 
0.6733333333333333 6.130547841087804e-12 9.181300500107842e-10 5.89928805224026e-8 1.978677059776348e-6 3.984694907559111e-5 0.0005333233145830283 0.005078194449065769 0.034424619789330195 0.1387350410441625 0.265987033295517 0.31267182538397836 
0.68 2.0044278032456177e-12 3.3259941883478026e-10 2.327673382018876e-8 8.392569301955056e-7 1.7982308499291893e-5 0.0002541072428404881 0.0025499389722613407 0.01869552298649461 0.090506560094209 0.22344882366865293 0.29959316236220235 
0.6866666666666666 6.48058649117612e-13 1.1926423090241926e-10 9.098744520707736e-9 3.52907374968789e-7 8.050008402238807e-6 0.00012012724416413055 0.001267542651569174 0.009886702110285363 0.054686295519732864 0.17244989908477806 0.2772488745957406 
0.6933333333333334 2.071914222387191e-13 4.2332233830164305e-11 3.523535985136577e-9 1.4712058361455523e-7 3.5748230164198134e-6 5.63559209943533e-5 0.0006246943693459286 0.005137093849659703 0.03126393076743181 0.12135290073729942 0.2435152767983699 
0.7 6.550336078187555e-14 1.4873226544752598e-11 1.3518065577985615e-9 6.08042548737475e-8 1.5747934321755758e-6 2.6239040325191978e-5 0.0003054791990586644 0.0026361081300893853 0.017224292050468697 0.07842225355888556 0.1992061383105985 
0.7066666666666667 2.0478139937948326e-14 5.17264880522828e-12 5.137948500474073e-10 2.491398213344823e-8 6.881854364507381e-7 1.2125081318371917e-5 0.00014827731146451427 0.0013396848807810697 0.009262652028470559 0.0473597762262182 0.14970025866790823 
0.7133333333333334 6.330722570001957e-15 1.7807187293719983e-12 1.9346617503100648e-10 1.0120494586172018e-8 2.9833313187486923e-7 5.56107279588779e-6 7.145487608577954e-5 0.0006752739416181301 0.004900833908627186 0.027253933254253307 0.10314222545065672 
0.72 1.9353193041612107e-15 6.068102560175749e-13 7.217074094151904e-11 4.075777474408008e-9 1.2829584420482084e-7 2.5314785898648185e-6 3.418972181168173e-5 0.0003378557476455471 0.0025629099829420896 0.015185038204521589 0.06585736206380562 
0.7266666666666667 5.850449643823433e-16 2.0468520392198392e-13 2.6672197725293547e-11 1.6273090352472635e-9 5.473178218666482e-8 1.143758099668467e-6 1.6243774265753427e-5 0.00016785334006641717 0.0013280870561911205 0.008281544601533158 0.0396614233473246 
0.7333333333333333 1.748895310340851e-16 6.834340608910886e-14 9.765593432888473e-12 6.441412796480211e-10 2.3162381918042024e-8 5.129084568361132e-7 7.663314379615628e-6 8.282563124840302e-5 0.0006828799352081215 0.0044508883605836455 0.022924520455304447 
0.74 5.169838696420021e-17 2.258832782963342e-14 3.5422673670534605e-12 2.5278099265237153e-10 9.72398221990517e-9 2.2829286171286932e-7 3.589964303717745e-6 4.059577273365549e-5 0.0003486606977775496 0.0023666101136544868 0.01289022954151867 
0.7466666666666667 1.5112260412281435e-17 7.390085827275253e-15 1.2729388520035328e-12 9.834686706956446e-11 4.0497019015034686e-9 1.0085383496630615e-7 1.6699765045725653e-6 1.9765197797271622e-5 0.00017683522468456842 0.0012476920346817936 0.007115044866795629 
0.7533333333333333 4.368393448621896e-18 2.3932796407690295e-15 4.531874530781308e-13 3.7934127755847946e-11 1.6730947963408164e-9 4.422224834899685e-8 7.713989802047499e-7 9.559552949614513e-6 8.911042372441334e-5 0.000652999680226653 0.0038767493338890454 
0.76 1.24868978324345e-18 7.672141154987199e-16 1.5984275445867301e-13 1.4506202767706412e-11 6.857048879015993e-10 1.9245898204894464e-8 3.5383220460349714e-7 4.592997341429344e-6 4.461976488976104e-5 0.0003394897646445276 0.0020919097989953003 
0.7666666666666667 3.529624103207451e-19 2.434554443077436e-16 5.585388263815641e-14 5.499611956528489e-12 2.7878778484341785e-10 8.313523375980254e-9 1.611632783165342e-7 2.192200658743082e-6 2.220181479260264e-5 0.0001753880886101698 0.0011199615073351709 
0.7733333333333333 9.86606608785844e-20 7.647205206514064e-17 1.933569095580744e-14 2.0671195406726806e-12 1.1244253160830296e-10 3.564365393719132e-9 7.289302220293457e-8 1.039421786780087e-6 1.0978026757069036e-5 9.005621645959914e-5 0.0005955144153620048 
0.78 2.727104709862825e-20 2.377753930780166e-17 6.631511124144731e-15 7.702912105810791e-13 4.498921661105877e-11 1.5168060066158849e-9 3.273840870051596e-8 4.895893195685116e-7 5.39437504685295e-6 4.596317866195474e-5 0.00031466898926539436 
0.7866666666666666 7.45422307645099e-21 7.318339158566918e-18 2.2532653416919955e-15 2.8457755694450066e-13 1.785696873511888e-11 6.40662253565885e-10 1.4600962796826344e-8 2.2908756761750384e-7 2.6341623077223144e-6 2.3319092451583042e-5 0.00016528000704534536 
0.7933333333333333 2.0148664789767336e-21 2.2296677492401664e-18 7.585072465489737e-16 1.0423252076833553e-13 7.031193863781898e-12 2.6858394358172255e-10 6.466336310963987e-9 1.0648814382886184e-7 1.2782931811115088e-6 1.1760624121115198e-5 8.631032763853804e-5 
0.8 5.38559875883709e-22 6.724349677580557e-19 2.529619597544387e-16 3.7849770196321644e-14 2.7464579597012263e-12 1.1175920136147837e-10 2.843730754586046e-9 4.917356956225754e-8 6.164618609079154e-7 5.896205544177114e-6 4.4814609582396985e-5 
0.8066666666666666 1.4235281581685185e-22 2.007444066605026e-19 8.357940873838272e-17 1.3626401277742512e-14 1.0642407810412475e-12 4.6157191575105295e-11 1.2418597899007468e-9 2.2557631525725247e-8 2.954409029731559e-7 2.9386095820151275e-6 2.313723506764915e-5 
0.8133333333333334 3.7208569349392097e-23 5.932259499939574e-20 2.735851136038549e-17 4.8635962918405784e-15 4.091008600059081e-13 1.8921205522775002e-11 5.385314328853145e-10 1.0279856632619933e-8 1.4070980850575182e-7 1.4559290831110274e-6 1.1878165517435826e-5 
0.82 9.61756672153153e-24 1.7353250461914473e-20 8.872279323909249e-18 1.7210471360992246e-15 1.5600730226428958e-13 7.698605293160127e-12 2.3190196851983e-10 4.653855618929976e-9 6.659904980363723e-8 7.170820736414455e-7 6.0637235508547835e-6 
0.8266666666666667 2.4582907248512263e-24 5.02488364328367e-21 2.8505456298465255e-18 6.037920431916803e-16 5.901792997470845e-14 3.109063567402765e-12 9.916380259325164e-11 2.093011032278129e-9 3.132579624944691e-8 3.5109826612389034e-7 3.0781153195053737e-6 
0.8333333333333334 6.213660734373921e-25 1.4403104955190663e-21 9.073425912507946e-19 2.1001090267994412e-16 2.214868726877037e-14 1.2462406336013155e-12 4.210733244922264e-11 9.351114100890474e-10 1.4642900480977694e-8 1.708914497819646e-7 1.5537738652326353e-6 
0.84 1.5531326218297923e-25 4.0866894104996258e-22 2.8613142422687666e-19 7.241967697532777e-17 8.245888008118638e-15 4.958261422408223e-13 1.775491332893587e-11 4.150389661557445e-10 6.802107141101474e-9 8.268835665154452e-8 7.799188080409373e-7 
0.8466666666666667 3.8389874796336335e-26 1.1478178395179968e-22 8.939458534639093e-20 2.4758940155708226e-17 3.0454588466757052e-15 1.9579995261189632e-13 7.434231723702979e-12 1.8299891146275933e-10 3.140158975406092e-9 3.977418156297768e-8 3.892875061999337e-7 
0.8533333333333334 9.383663562316042e-27 3.191248091414833e-23 2.766997072118978e-20 8.392061755502793e-18 1.1158204834864096e-15 7.674530570087085e-14 3.091083735825399e-12 8.015722743632938e-11 1.4406286370165204e-9 1.9019165601555516e-8 1.93219813710955e-7 
0.86 2.2681729081131668e-27 8.782837445973135e-24 8.4851286556075e-21 2.820115304042323e-18 4.0556702250568186e-16 2.985709528791428e-14 1.276271303121052e-12 3.487962711088361e-11 6.56818100486157e-10 9.04097806097011e-9 9.536598414919477e-8 
0.8666666666666667 5.421610281878645e-28 2.392743857533163e-24 2.577868857345027e-21 9.39565458614406e-19 1.4623726594041944e-16 1.1529227080467733e-14 5.232788792358723e-13 1.5077743645131925e-11 2.975988525152897e-10 4.27241600480231e-9 4.6805450977010145e-8 
0.8733333333333333 1.2815313679506987e-28 6.4527533296180405e-25 7.759187815052755e-22 3.1034846526473907e-19 5.2309552305579665e-17 4.418858932064258e-15 2.130501160366751e-13 6.474953473645178e-12 1.3400187128784146e-10 2.007087084640928e-9 2.284340829440699e-8 
0.88 2.9955693848978804e-29 1.7225895029586422e-25 2.3137964781419374e-22 1.0163304447141124e-19 1.8562303016371762e-17 1.6810389550691237e-15 8.61368731666625e-14 2.7623144501784867e-12 5.99631357459953e-11 9.37332890744517e-10 1.1086317268153504e-8 
0.8866666666666667 6.924351501701263e-30 4.552047555248777e-26 6.835776835762681e-23 3.299768133037783e-20 6.5344795835557374e-18 6.347511491882771e-16 3.458243507182474e-14 1.1707013702716543e-12 2.6665642534207148e-11 4.351678843385262e-10 5.350274013390873e-9 
0.8933333333333333 1.5828099868526697e-30 1.1907495313516675e-26 2.000805160701846e-23 1.0621734506273276e-20 2.2820167029490598e-18 2.3789628797358467e-16 1.3787373846260174e-14 4.928968692906811e-13 1.1784587551055097e-11 2.00842459164836e-10 2.5676004569802656e-9 
0.9 3.577904762317782e-31 3.083351577976814e-27 5.801980826215231e-24 3.389778757202469e-21 7.905979128141373e-19 8.84974285865672e-17 5.45842581209867e-15 2.0615946540788493e-13 5.1757310915732094e-12 9.214893129576433e-11 1.2252985734483898e-9 
0.9066666666666666 7.997964020830674e-32 7.903419481843195e-28 1.6668737377130453e-24 1.0725351069942698e-21 2.717201816270676e-19 3.267629526778231e-17 2.145919904729712e-15 8.566198676329327e-14 2.259042288058963e-12 4.203020528239397e-11 5.81459985866747e-10 
0.9133333333333333 1.7679954405171387e-32 2.0053802084474724e-28 4.744433816783135e-25 3.3644670544783437e-22 9.264412124613641e-20 1.1975523143500848e-17 8.377610971192515e-16 3.535989763613918e-14 9.798795771043574e-13 1.9057656928058688e-11 2.743857231354903e-10 
0.92 3.8648638686912906e-33 5.0369595510380435e-29 1.3378939708435448e-25 1.0463716993358602e-22 3.133602573350902e-20 4.356282558435689e-18 3.247788928425299e-16 1.4500139814093055e-14 4.2239335926854866e-13 8.590424488784409e-12 1.2875594791433466e-10 
0.9266666666666666 8.354855876622013e-34 1.2523640251727618e-29 3.73779044829063e-26 3.226420482036745e-23 1.0514784520289598e-20 1.5728879551574407e-18 1.2503070079463752e-16 5.907069072193878e-15 1.8094968102146277e-13 3.849436904043601e-12 6.00810533373853e-11 
0.9333333333333333 1.786058794243484e-34 3.0823603741505898e-30 1.0345809550922097e-26 9.863284265750476e-24 3.500157434181305e-21 5.636896457973711e-19 4.77977134692398e-17 2.390621956971429e-15 7.703627120684101e-14 1.7148161860221176e-12 2.7878702026774992e-11 
0.94 3.7757643954866616e-35 7.509780970468596e-31 2.8370736195075107e-27 2.9894277164394985e-24 1.155861613256012e-21 2.00513294977162e-19 1.8145104980761667e-17 9.611453615863465e-16 3.259340224372647e-14 7.594095432623307e-13 1.2863900033042517e-11 
0.9466666666666667 7.893446743357116e-36 1.8111835710476874e-31 7.70785686179107e-28 8.982987589703785e-25 3.786652708828075e-22 7.079579262520854e-20 6.8402829972144924e-18 3.8389006563978094e-16 1.370444537087582e-14 3.343281520016006e-13 5.9025295567986524e-12 
0.9533333333333334 1.6318545493441513e-36 4.324036169165496e-32 2.0746932439428525e-28 2.6762093601219973e-25 1.2306563319442063e-22 2.4810366995598895e-20 2.5606556627631853e-18 1.5232269255385828e-16 5.7265210678397995e-15 1.4632164419451306e-13 2.6932049171948234e-12 
0.96 3.3361800212982308e-37 1.0218993303225527e-32 5.532630425649844e-29 7.904714955405606e-26 3.967802851937225e-23 8.630196689409554e-21 9.518995499692404e-19 6.004302691251116e-17 2.3780347303934803e-15 6.366243198000145e-14 1.2219871566231638e-12 
0.9666666666666667 6.744830951392791e-38 2.390667368274564e-33 1.461730264935536e-29 2.31483201002426e-26 1.2690994439844218e-23 2.9796843398045976e-21 3.5139387141095325e-19 2.3512622834308107e-17 9.813947912982742e-16 2.7535768350868086e-14 5.513535718837392e-13 
0.9733333333333334 1.3484862124211522e-38 5.536339615351955e-34 3.826140516406529e-30 6.720787584438857e-27 4.0269272543777366e-24 1.0211326681636586e-21 1.288132843518603e-19 9.147036124164491e-18 4.025017913314351e-16 1.1839974942931776e-14 2.4737758177939384e-13 
0.98 2.666097837846771e-39 1.2691679755473305e-34 9.922314133125776e-31 1.9345883419427286e-27 1.2676073784334924e-24 3.47341528898542e-22 4.689114265698353e-20 3.535092730664553e-18 1.6405545727481303e-16 5.0610923124030864e-15 1.1037160688502174e-13 
0.9866666666666667 5.212667967261446e-40 2.8801066896824736e-35 2.549316081553203e-31 5.521091520500502e-28 3.958483624997537e-25 1.1727195314387063e-22 1.695059494344376e-20 1.3572586005930936e-18 6.645269788777409e-17 2.1506904273505647e-15 4.896903498611391e-14 
0.9933333333333333 1.0078565446665838e-40 6.469808200682532e-36 6.489232371495316e-32 1.562174628076586e-28 1.226327134366025e-25 3.9300201874515103e-23 6.084758058276271e-21 5.176855473242642e-19 2.6750622660984354e-17 9.085565924861537e-16 2.160494430436067e-14 
