0.0033333333333333335 0.0033333333333332438 0.0030145266059768213 0.0027574119004508692 0.002545736733746474 0.0023684164897492476 0.0022176599300560767 0.002087846555324517 0.0019748287105282388 0.0018754836347533621 0.0017874178574020113 0.0017087673159880156 
0.01 0.00999999999999973 0.009053604159831988 0.008266640454227479 0.007602922888369216 0.007036328925668015 0.006547527141673048 0.006121912933663385 0.0057482572723521795 0.005417794386414038 0.005123589489856997 0.004860090745663598 
0.016666666666666666 0.016666666666666205 0.015154229386812856 0.01388810345968092 0.012812566416427192 0.011887732880818722 0.011084242507007215 0.010379957348996322 0.00975783891681384 0.00920454098049393 0.008709450268743271 0.008264015677476786 
0.023333333333333334 0.023333333333332665 0.021213599477700268 0.01944836256604846 0.017954332288768984 0.016672583950593057 0.015560284105559562 0.014585550058792267 0.013724147177091322 0.012957307140885941 0.01227025136325228 0.011651169561964322 
0.03 0.0299999999999991 0.027272638076482298 0.02500037769837758 0.023078477490592775 0.02143165099077422 0.020004529293062085 0.018755578278780743 0.017653092643617065 0.016672485952938375 0.015794416273149287 0.015003465239570314 
0.03666666666666667 0.0366666666666655 0.03333327812646102 0.030555329980176616 0.028204886495634303 0.0261905768744854 0.02444526395255474 0.02291846726455315 0.021571502428103895 0.020374245670027213 0.01930291184020518 0.018338488441017906 
0.043333333333333335 0.043333333333331864 0.039393945158859356 0.03611107082125781 0.033333153800815786 0.030952059587425272 0.028888553132031616 0.02708319844577938 0.02549049680128653 0.024075006151905273 0.022808702379635417 0.021669138644424744 
0.05 0.04999999999999817 0.04545454809709312 0.04166668133630427 0.03846153513867412 0.03571419825447193 0.033333115492178184 0.031249668546834797 0.029411406689177116 0.027777530200295452 0.026315807628657092 0.02500042740673157 
0.056666666666666664 0.05666666666666441 0.051515151223782835 0.04722222657385063 0.04358976179925761 0.04047620967526976 0.03777775695222642 0.035416559080164785 0.03333311531235883 0.03148117007610396 0.0298242160930525 0.02833304528369135 
0.06333333333333334 0.06333333333333054 0.05757575745410927 0.0527777769644426 0.04871795214636829 0.045238111391348985 0.042222248119453354 0.03958334643320616 0.03725486730059477 0.035185071162160284 0.033333127036127966 0.03166638243637694 
0.07 0.06999999999999654 0.06363636365345297 0.05833333292433084 0.05384615248240476 0.050000001611400335 0.046666678540195614 0.04375002391971654 0.041176495876673415 0.038888893005313924 0.036842060818009566 0.03499988532163922 
0.07666666666666666 0.07666666666666239 0.06969696970300138 0.06388888892608137 0.05897435837826853 0.054761903021161074 0.0511111111232851 0.04791667436842269 0.0450980580286732 0.04259261879793473 0.040350898054188664 0.038333328617981915 
0.08333333333333333 0.08333333333332801 0.07575757575660853 0.06944444448170062 0.0641025641586625 0.059523808881036665 0.055555553567852314 0.05208333226604231 0.049019612438417674 0.04629630971827312 0.04385967141898724 0.04166669209048672 
0.09 0.08999999999999338 0.08181818181787402 0.07499999999966162 0.06923076929996526 0.06428571441593502 0.05999999947004744 0.0562499976880895 0.05294117476886282 0.05000000280002892 0.04736842999768623 0.04500001696118572 
0.09666666666666666 0.09666666666665835 0.08787878787883188 0.08055555555268425 0.07435897436299371 0.069047619034746 0.06444444485596237 0.06041666648188997 0.056862742080243465 0.053703701579711674 0.05087719516898612 0.04833333907729662 
0.10333333333333333 0.10333333333332281 0.09393939393939357 0.08611111111047207 0.07948717951126927 0.07380952381599833 0.06888888836221665 0.06458333452432041 0.06078431425604088 0.057407403004282744 0.05438596232845142 0.051666669025335135 
0.11 0.10999999999998664 0.09999999999997965 0.09166666666629793 0.08461538456302084 0.07857142896368036 0.07333333320641294 0.06874999812060964 0.06470588531140825 0.061111112877049276 0.05789473036633492 0.054999996902581796 
0.11666666666666667 0.11666666666664953 0.1060606060605855 0.0972222222255904 0.08974358972402358 0.08333333278272421 0.07777777976610986 0.0729166657097704 0.06862744637782875 0.06481482102434634 0.06140351203068696 0.058333324288102444 
0.12333333333333334 0.12333333333331123 0.11212121212118772 0.1027777777725001 0.09487179508275749 0.08809523765893579 0.08222222047928283 0.07708333934428278 0.07254901621782948 0.06851850981908852 0.06491229194317917 0.061666671048713186 
0.13 0.1299999999999712 0.11818181818179888 0.1083333333310174 0.09999999970135351 0.09285714498384057 0.08666666330494473 0.08124999722666583 0.07647060197937844 0.07222221311659878 0.06842103986231014 0.06500001795886517 
0.13666666666666666 0.13666666666662886 0.12424242424238492 0.1138888889153932 0.1051282049524154 0.09761904612646287 0.09111111873800579 0.08541665496156718 0.08039215490041246 0.07592595103602759 0.07192980447986733 0.06833331856869188 
0.14333333333333334 0.1433333333332832 0.13030303030297946 0.11944444439606014 0.11025641146038757 0.10238094856534806 0.09555555633643491 0.08958334889919346 0.0843136970118808 0.0796296358211717 0.07543863278299491 0.07166663043887792 
0.15 0.14999999999993305 0.13636363636368043 0.1250000000007314 0.11538461403749907 0.10714286539853135 0.09999998180163819 0.09375001262521791 0.0882353174585012 0.08333327729311082 0.07894739725589157 0.07500004077736507 
0.15666666666666668 0.15666666666657636 0.14242424242400825 0.13055555573067426 0.12051281907232778 0.1119047621328659 0.10444445859775442 0.09791662578453167 0.09215690383071112 0.08703705438961773 0.08245605465655438 0.07833339925224654 
0.16333333333333333 0.16333333333321046 0.14848484848480162 0.13611111076209997 0.12564103146207203 0.11666664664840015 0.10888891538405218 0.10208333942610014 0.09607835930784384 0.09074084131240795 0.08596488777946659 0.08166656904682902 
0.17 0.1699999999998311 0.15454545454624316 0.14166666674041822 0.13076922652762837 0.12142859146358606 0.11333328398322452 0.10625006895470679 0.09999997325215271 0.09444435717861589 0.08947385866880656 0.08499989521885289 
0.17666666666666667 0.17666666666643238 0.1606060606035052 0.14722222323139672 0.13589742644344843 0.12619050139836865 0.1177777642341089 0.11041660733592124 0.10392171465985738 0.09814801032752275 0.09298243415251758 0.08833354161877346 
0.18333333333333332 0.1833333333330051 0.16666666666867921 0.15277777571710008 0.14102566400474592 0.130952313703653 0.12222232015665004 0.11458326872448343 0.10784307751934907 0.10185208655399283 0.09649092020268298 0.09166680694988068 
0.19 0.1899999999995357 0.1727272727330785 0.15833333385189616 0.14615384055692754 0.1357142931656353 0.12666662699465123 0.11875013168100791 0.11176450611136768 0.10555566392855732 0.10000016039845154 0.09499959961294095 
0.19666666666666666 0.19666666666600335 0.17878787876275526 0.1638888941325516 0.1512820033163368 0.1404763206375078 0.13111098191150258 0.12291664298265609 0.11568654001481224 0.10925878509162264 0.10350923966666964 0.0983331903224998 
0.20333333333333334 0.20333333333237624 0.18484848488275032 0.1694444342721297 0.1564103252872738 0.14523797584337 0.1355556707182539 0.12708320450993513 0.11960795081811658 0.11296306029240691 0.10701708741267577 0.10166736448229372 
0.21 0.20999999999860505 0.19090909093195024 0.17500000169862612 0.1615384921100977 0.14999984329854388 0.14000012488348962 0.13125019950547023 0.12352883018508952 0.11666743300785971 0.11052571686133755 0.10500006705695843 
0.21666666666666667 0.21666666666461287 0.19696969677079706 0.1805555804375179 0.16666648254055225 0.15476223260895733 0.14444431289246754 0.1354165157800353 0.12745132884580168 0.12036974474789229 0.11403606080473795 0.10833222599854528 
0.22333333333333333 0.22333333333027877 0.20303030339144762 0.1861110690610299 0.17179499897802397 0.15952388087447458 0.14888869830100912 0.13958305272186805 0.13137339996097416 0.12407308541099903 0.11754447541768034 0.1116667958891491 
0.23 0.22999999999541018 0.20909090904774968 0.19166666483972777 0.17692333167257376 0.16428510455069625 0.1533333628428847 0.1437509454232451 0.13529269104413139 0.12777939201850966 0.12105088993372398 0.11500160966930754 
0.23666666666666666 0.23666666665969885 0.21515151387699588 0.19722232889163807 0.18205077782395368 0.16904779335918868 0.15777845453079403 0.14791640294872804 0.13921498677685828 0.13148244001616194 0.12456094833469986 0.11833290414530236 
0.24333333333333335 0.24333333332264573 0.2212121240937018 0.20277763547769373 0.18717945299205938 0.17381050817435098 0.16222215279774477 0.15208104731926947 0.1431405621945448 0.13518204277460502 0.1280729194952278 0.12166449265681889 
0.25 0.24999999998343608 0.2272727257300965 0.20833327344023128 0.19230869418628277 0.1785707694391815 0.16666457833956586 0.15625235210675958 0.14705840280031765 0.13888833484892782 0.1315791415017448 0.12500067581947044 
0.25666666666666665 0.2566666666407272 0.23333332659047218 0.21388928974451277 0.19743510688024143 0.18333169825091028 0.17111238103357154 0.16042029682706396 0.15097437815591785 0.14259784056395552 0.13508377751089834 0.12833613817955983 
0.2633333333333333 0.2633333332922853 0.23939395793667131 0.21944407671813732 0.20256290271366495 0.1880970951564109 0.17556005694973242 0.16457628823542494 0.15490500744875343 0.14629622727673522 0.13859628289436862 0.13166616201030004 
0.27 0.26999999993435986 0.24545453102824177 0.22499958045137897 0.2076946665906613 0.19285979673054504 0.17999441703014518 0.16874637851536617 0.1588330834999418 0.14999190378439428 0.14211062351153023 0.13499641777521024 
0.27666666666666667 0.2766666665605929 0.2515151210629185 0.2305568168086491 0.21282089758000783 0.1976139390634977 0.18443797950688967 0.17293173865728018 0.16273756945752244 0.15370394668868673 0.1456153174813516 0.13833269995015257 
0.2833333333333333 0.2833333331601047 0.2575758571268181 0.2361105443589158 0.21794430831683512 0.20237805547154583 0.18890405772510627 0.17708358280032646 0.1666522769970067 0.1574197208434128 0.14911567541903475 0.14167124214219304 
0.29 0.2899999997140986 0.26363627375973897 0.24166477530574096 0.22307923676926064 0.20715502359128818 0.19333732859966177 0.18122345397010972 0.17060241185636582 0.16111242071522036 0.15262699357006856 0.145003281820029 
0.2966666666666667 0.29666666618978715 0.2696968451125545 0.24722531321356356 0.22821127368965743 0.21190310026526948 0.19774730989906808 0.18542536074621732 0.17453184522421983 0.16479548929605503 0.1561495991730565 0.1483278704769052 
0.30333333333333334 0.30333333252942357 0.27575803179018776 0.25277820360362174 0.23332535706766705 0.2166441407252082 0.20223136170799433 0.18962465552897992 0.1784073796838275 0.16851211529004198 0.15966066459747275 0.1516590568202628 
0.31 0.30999999863031213 0.28181776241811346 0.2583272371013746 0.23845594670002798 0.22144648954492138 0.2067145684104251 0.19372430937216614 0.1823175800201956 0.17225359498579937 0.1631470982598903 0.15500476094929258 
0.31666666666666665 0.3166666643080331 0.2878782878103588 0.2638938898394978 0.2436073357590199 0.22621937052186641 0.21107187230823296 0.19785696367497194 0.18631432258809721 0.17594326032231825 0.16664278907278068 0.15834626081484035 
0.3233333333333333 0.3233333292281521 0.2939411981564417 0.2694504916070641 0.24871579274666594 0.23090139559696587 0.21549656452496152 0.20213813314429063 0.19025387802322344 0.17957853915200653 0.1701841541391998 0.16166776623787282 
0.33 0.3299999927782075 0.2999985168303033 0.2749862575018494 0.2538172796334772 0.23569961950715354 0.2200897272048567 0.2063318436779845 0.19405045521477196 0.1832958379101028 0.1737282619647589 0.16498278466446709 
0.33666666666666667 0.3366666538254584 0.3060585542067907 0.2805571891188879 0.25899933693054916 0.24057069794742886 0.22449568386533095 0.2103129861524368 0.19794717127867964 0.18711818220519955 0.17719616554405143 0.16831514705968462 
0.3433333333333333 0.34333331025407043 0.3121273482352517 0.2861316672708283 0.2641315250995601 0.24519737380661968 0.22872948715367597 0.2144783125001236 0.202074871806784 0.19081290247531318 0.18062564685657168 0.1716831758464089 
0.35 0.3499999580724305 0.31817813297204794 0.29164820961867166 0.2691664336986691 0.24987829471390757 0.2333235876229953 0.21893379932768256 0.2060202337020664 0.19431935255009533 0.1841763452230843 0.17505393313835357 
0.3566666666666667 0.35666658967471676 0.3242342571123922 0.29720530954261803 0.2743669876697295 0.2549076703707428 0.23801960155139326 0.22303423297003078 0.20961444049523842 0.19801890753538812 0.18784513278124226 0.17832939941726167 
0.36333333333333334 0.36333319042266476 0.33032036830204126 0.30281646337162116 0.2795817682971093 0.2596111167158473 0.2421375369463541 0.22677788210795072 0.21353263890301744 0.20204107698210041 0.19132193704380906 0.18155208369156967 
0.37 0.36999973185903284 0.3363595213888647 0.3083297724714234 0.2845151402978952 0.2640079058848274 0.24634542394529366 0.23115178888310708 0.2179491175329442 0.20577014303444915 0.19453726614029104 0.1849677045715966 
0.37666666666666665 0.3766661581021657 0.3423959181392012 0.3138404600710491 0.2896908773881741 0.2690993534743674 0.251365014823279 0.2358856184452513 0.22181694550410275 0.20897538501740656 0.1980557798255556 0.18853537002571943 
0.38333333333333336 0.38333235830307705 0.34852193122909575 0.31948154625421715 0.29508510511442243 0.2741869052680368 0.25591574333242006 0.23959892148058048 0.2250310028204809 0.2126343158676167 0.20205447260316423 0.19177479848503162 
0.39 0.38999811033951987 0.354558705855285 0.32502932520968414 0.29987133252599435 0.2782614251913245 0.25949114688217956 0.24309485059804167 0.22911869173452762 0.21708535645505925 0.20558302457658642 0.19468566576353674 
0.39666666666666667 0.3966629645756527 0.36053022848373717 0.330496507810803 0.304899018709828 0.2829674671901831 0.2641431892296384 0.24806833803506845 0.23399638263570918 0.22082118016356145 0.2083480703426303 0.19809057755410633 
0.4033333333333333 0.4033260015214485 0.3667106756241293 0.3361387153377766 0.310697724914354 0.2887531793233861 0.26971128551787915 0.25290339993951183 0.23754947215217592 0.22348101935759393 0.21180290720230668 0.20211518084432567 
0.41 0.4099853216057003 0.3728103600917865 0.3416765696794948 0.31536451856180037 0.2930184938618363 0.2734094333267289 0.2558427894570266 0.24028093584539484 0.22722422339867518 0.2163478044062388 0.20543440107469563 
0.4166666666666667 0.4166369603587264 0.3786595752444768 0.3471477865810085 0.31979274182856887 0.2966060800411648 0.27667294545877463 0.2595038812954929 0.24487223624033633 0.23226179771380603 0.21992892792921664 0.2077230173410995 
0.42333333333333334 0.42327255942923375 0.38481130875282704 0.35295760971803775 0.32625362964585214 0.3026638557968453 0.2825434062383436 0.26529543039977643 0.25011506097121855 0.23576895139107396 0.22211802471747055 0.21101914332205388 
0.43 0.42987431884760335 0.3911007923458767 0.3582594693300322 0.3314413828693771 0.30836755904287866 0.2878805421964682 0.26961606451308684 0.2530004805382863 0.23796422494967331 0.2255768700865474 0.21579825603935449 
0.43666666666666665 0.4364039579637946 0.3969303236008913 0.3634729890867359 0.3345049849417216 0.3109724100174766 0.2903135251839975 0.27193192658334464 0.2556996019485162 0.24207042297548362 0.23060968025115883 0.21907728507146068 
0.44333333333333336 0.44277838211593484 0.4027881625507041 0.3700775461111562 0.34094058840127267 0.3155458251610393 0.2945015454592388 0.27642523424439414 0.26093408746677105 0.2472381534632006 0.2340406409451341 0.22071124667553998 
0.45 0.448815746711302 0.40914942842447116 0.37527080136943963 0.34822989690338196 0.3230013502856023 0.3011383428284439 0.28233626512024446 0.26569069845536564 0.2503493418004886 0.23605099702882787 0.22441430223090503 
0.45666666666666667 0.4541158643875767 0.41546055114203734 0.37913240473152976 0.35048595546366673 0.32677463633140397 0.3050668404109948 0.28571479957343443 0.2683369420836305 0.25294642552871577 0.23988076316144105 0.22927782156187929 
0.4633333333333333 0.4577980083468772 0.4210715744374547 0.38677066655910797 0.3545110195799748 0.32914302600199996 0.30778204423525213 0.28872549832900796 0.272014014358687 0.2573011375113153 0.24444898143162827 0.23167820222380855 
0.47 0.457947706196182 0.42650292460364175 0.3939108107029724 0.3632641265917551 0.335884355802177 0.3132177262255563 0.2938064252624916 0.27667318873362035 0.26142983404769127 0.24740267469918922 0.2345239009888167 
0.4766666666666667 0.4505676627511162 0.43359507104729933 0.39499615633101215 0.3681304085192189 0.34176286594838606 0.3183429609233434 0.298126636535297 0.28030503967360987 0.2646778155748419 0.2508009963572752 0.23964524312041258 
0.48333333333333334 0.42814014859091326 0.4407432529646725 0.40142316885313706 0.3696761469191017 0.3448180090161948 0.32202834754143106 0.30194643839387153 0.28450990655480524 0.2688655480227054 0.25477894602924384 0.24063872460719143 
0.49 0.379812991125505 0.4443717180586887 0.4118172344750529 0.3766246293750962 0.35008774142111343 0.3270390700631561 0.3069074115946008 0.2888656519285271 0.2724644915122653 0.2572033751101356 0.24393683519347872 
0.49666666666666665 0.2991685142240194 0.4489818239524697 0.4137544363945082 0.3835992721755661 0.35466121004703666 0.3311786248559534 0.31014610873853893 0.29134425515673024 0.27485459083065766 0.2609486880878503 0.2508441753918326 
0.5033333333333333 0.19981433982824787 0.4550736434107146 0.41637403469878165 0.38674384398071066 0.35864267740702843 0.3342267448867519 0.3133846643425097 0.29525927592402723 0.27956813294447247 0.2663601688049337 0.25206228252492047 
0.51 0.1124773539944927 0.4577373665444114 0.42679839073064324 0.3926628874724423 0.365805493021032 0.34053918970287433 0.3197170642744532 0.30134536512796434 0.28477939909656313 0.2681558286894522 0.25222155317235273 
0.5166666666666667 0.055466369254432796 0.4467502294154507 0.4317853306560787 0.3974225643809269 0.37057550601146244 0.34635822905170743 0.323742447276001 0.3044141458370525 0.2866801090690623 0.2707799953421333 0.2592322166452222 
0.5233333333333333 0.025183252171232535 0.2908586754281665 0.4356562054787624 0.4009371943362302 0.371435112498305 0.348034500035656 0.32589970757855635 0.30638711462534085 0.28972405382069977 0.27707624349558096 0.26520795374187656 
0.53 0.010908904570738684 0.044032964509103656 0.44215055736799586 0.4093116762607786 0.37787206612905433 0.3521979660264311 0.3317052848825915 0.3120224752912836 0.29489886637359364 0.27841879652842244 0.26209812070284244 
0.5366666666666666 0.00459691626553914 0.008953759895516333 0.44381862132659344 0.4152971607810257 0.38596502456042375 0.35861537352106476 0.3359414778442688 0.3167104682192517 0.2981062177508363 0.2810758150346232 0.26695920163286463 
0.5433333333333333 0.0019018510265240564 0.002765279712845286 0.40256577016437606 0.41606846532885755 0.38805738861183814 0.3624098979342795 0.3382371736404696 0.3185892472013637 0.3022243793939281 0.2884562608131761 0.2768959980712958 
0.55 0.000775697173139907 0.0008254854809377221 0.11393681384593751 0.4225795178379364 0.3917734587931692 0.36736588108538504 0.3447699140987398 0.3235603135026902 0.30674494284684733 0.29135679713743723 0.27489910530147993 
0.5566666666666666 0.00031244805519765314 0.0003199046009837838 0.009137483326004395 0.42841678968936775 0.3985158512315812 0.37224146399223096 0.35079252201053707 0.32894309359666735 0.3074955768845909 0.28889544500907344 0.273579661029775 
0.5633333333333334 0.00012438112287392505 0.00012545286535059727 0.0011289568108328151 0.4152677389031542 0.40203287580617064 0.3733892827683695 0.3501184596558801 0.3307318576083163 0.3124562903712589 0.29620349631228465 0.2831479405302176 
0.57 4.895031276236461e-5 4.9111084832945937e-5 6.797348659024368e-5 0.2199822262256721 0.40774641661179417 0.37920881864379535 0.3542029822802207 0.3347593239715065 0.32064578707705843 0.3058619853675241 0.29013404456159436 
0.5766666666666667 1.9047409184601318e-5 1.9072609183465333e-5 1.92644048044799e-5 0.019481247307694884 0.4132397498549772 0.38886305096450263 0.36264046409691436 0.3394593016637213 0.3187167515754479 0.3028646040098509 0.287766781824222 
0.5833333333333334 7.328561671028086e-6 7.3324556328358586e-6 7.340634028523614e-6 0.0019056291300832485 0.4080544326069725 0.38877173428665823 0.3660011181454273 0.34320721025804535 0.3216485332243309 0.3023338642258165 0.2878924042842762 
0.59 2.788135492617834e-6 2.78872701136868e-6 2.789342933252702e-6 7.543858067080746e-5 0.2757005420009852 0.3920894458606826 0.3681940616777102 0.349070520138005 0.33149443999131833 0.3123735125150071 0.2956856850411373 
0.5966666666666667 1.0488803295050418e-6 1.0489683597551616e-6 1.0490566855498778e-6 1.199416378058809e-6 0.03800536387190851 0.39814876121814513 0.3732127389310302 0.3523496105146731 0.3344169283657335 0.31776283513765957 0.3003209675220747 
0.6033333333333334 3.9017324481822506e-7 3.9018606399663886e-7 3.901988938192431e-7 3.907784212284635e-7 0.0035006230074802855 0.3958665391732573 0.3764138123854044 0.35130322894199306 0.3312704219623263 0.3158494465993179 0.30397799563216427 
0.61 1.4351926540102085e-7 1.435210912076091e-7 1.4352291756583283e-7 1.43529058853756e-7 0.00018111202358205535 0.2978984513168067 0.3817928009659461 0.35843952686942016 0.337462922247351 0.3188179361333369 0.30274364632036127 
0.6166666666666667 5.220179495950126e-8 5.2202049252354844e-8 5.220230357536903e-8 5.2202560597821474e-8 8.048045063911652e-7 0.048661030525633454 0.3873558683199199 0.3678597611853313 0.34637749518591376 0.32509287646052853 0.30475944756725093 
0.6233333333333333 1.8775191427466392e-8 1.8775226058474533e-8 1.8775260691083595e-8 1.8775295332024073e-8 1.902404919290602e-8 0.0046407542680578255 0.3842570043399993 0.36666220949885325 0.3478854743142882 0.32977898037177966 0.314366088567132 
0.63 6.677411194840566e-9 6.6774158062563675e-9 6.677420417754391e-9 6.677425029345779e-9 6.678027258347342e-9 0.00027850560875821096 0.28996357099364545 0.369215790105536 0.3491180048195263 0.3347699978861672 0.31978302690991767 
0.6366666666666667 2.3483224709319303e-9 2.348323071325928e-9 2.3483236717240103e-9 2.3483242721262196e-9 2.3483253934357967e-9 1.632766214092142e-6 0.047960552635828525 0.37437972637661915 0.3525256574994605 0.3321360888054615 0.31577543022315396 
0.6433333333333333 8.166467335587945e-10 8.166468099897894e-10 8.166468864209447e-10 8.166469628523543e-10 8.166470393498549e-10 1.4402538259275855e-9 0.004607219528609694 0.3709774245280045 0.3565518560840919 0.33534192435457355 0.3173005596184642 
0.65 2.8082682533372583e-10 2.808268348470887e-10 2.8082684436045157e-10 2.8082685387381443e-10 2.8082686338726043e-10 2.8087965294840925e-10 0.0002792203173154917 0.2626800511143674 0.3623504482643014 0.34636506032734915 0.32751449396554244 
0.6566666666666666 9.549305105105923e-11 9.549305220885358e-11 9.549305336664794e-11 9.549305452444231e-11 9.549305568223667e-11 9.54931081142777e-11 1.6779866486862785e-6 0.038787108334838526 0.3660469247144277 0.34888038636547447 0.33220101047484346 
0.6633333333333333 3.2109584786929376e-11 3.210958491901332e-11 3.210958505109726e-11 3.21095851831812e-11 3.210958531526514e-11 3.210958545374334e-11 6.920400778694464e-10 0.0036031754619330588 0.3572796367337907 0.34775889260003434 0.3312391022573285 
0.67 1.0676483823509489e-11 1.0676483850065867e-11 1.0676483876622243e-11 1.0676483903178618e-11 1.0676483929734993e-11 1.0676483954686791e-11 1.0689191263928956e-11 0.00019774374890463883 0.21145406211431939 0.3511055369912706 0.3331631603039948 
0.6766666666666666 3.510373345591638e-12 3.510373341491883e-12 3.510373337392129e-12 3.5103733332923746e-12 3.5103733291926203e-12 3.5103733250927695e-12 3.5103754110534235e-12 9.412872939762552e-7 0.023915581503157392 0.354360348849217 0.3371003067154595 
0.6833333333333333 1.1413286484459556e-12 1.1413286496065126e-12 1.1413286507670696e-12 1.1413286519276267e-12 1.1413286530881837e-12 1.1413286542487835e-12 1.1413286540319453e-12 2.8764432473926924e-10 0.002152556040281001 0.33600382988592087 0.34267723242558046 
0.69 3.6694527170660075e-13 3.6694527183976547e-13 3.6694527197293024e-13 3.66945272106095e-13 3.669452722392598e-13 3.6694527237242455e-13 3.669452729020237e-13 3.7035817461764097e-13 9.501014052102524e-5 0.14757159746051882 0.34723882703676723 
0.6966666666666667 1.1666103773475367e-13 1.1666103774969785e-13 1.1666103776464203e-13 1.166610377795862e-13 1.166610377945304e-13 1.1666103780947457e-13 1.1666103784355377e-13 1.1666107363038014e-13 2.5839618088240403e-7 0.009503939381459948 0.34592173532744214 
0.7033333333333334 3.667626558363659e-14 3.667626558527426e-14 3.667626558691194e-14 3.667626558854961e-14 3.667626559018729e-14 3.6676265591824963e-14 3.667626559346264e-14 3.6676264995551296e-14 4.7353645889700126e-11 0.001121714100121904 0.2974194657167415 
0.71 1.1401969298497267e-14 1.1401969298671447e-14 1.1401969298845628e-14 1.1401969299019808e-14 1.1401969299193989e-14 1.140196929936817e-14 1.140196929954235e-14 1.140196993426395e-14 1.16794865205216e-14 3.1586855278174305e-5 0.06517854033644327 
0.7166666666666667 3.5051841540560375e-15 3.505184154074294e-15 3.5051841540925508e-15 3.5051841541108074e-15 3.505184154129064e-15 3.5051841541473206e-15 3.5051841541655768e-15 3.5051841544618363e-15 3.5051836554070736e-15 3.751048225778602e-8 0.006676802121228491 
0.7233333333333334 1.0655620270637504e-15 1.0655620270653281e-15 1.0655620270669058e-15 1.0655620270684836e-15 1.0655620270700613e-15 1.065562027071639e-15 1.0655620270732167e-15 1.0655620270747944e-15 1.0655625411194244e-15 4.1773231389846454e-12 0.0005071401052151226 
0.73 3.2032013867496337e-16 3.203201386751606e-16 3.203201386753578e-16 3.20320138675555e-16 3.2032013867575224e-16 3.2032013867594945e-16 3.2032013867614667e-16 3.203201386763439e-16 3.203201727981025e-16 3.285572397346456e-16 5.113885387161339e-6 
0.7366666666666667 9.521996903120084e-17 9.521996903120085e-17 9.521996903120085e-17 9.521996903120085e-17 9.521996903120085e-17 9.521996903120085e-17 9.521996903120085e-17 9.521996903120085e-17 9.521996903267333e-17 9.521974952502817e-17 3.5871826033694644e-9 
0.7433333333333333 2.799050694866158e-17 2.799050694866158e-17 2.799050694866158e-17 2.799050694866158e-17 2.799050694866158e-17 2.799050694866158e-17 2.799050694866158e-17 2.799050694866158e-17 2.799050694866158e-17 2.799077071017054e-17 1.323909787479191e-13 
0.75 8.136414480321802e-18 8.136414480321802e-18 8.136414480321802e-18 8.136414480321802e-18 8.136414480321802e-18 8.136414480321802e-18 8.136414480321802e-18 8.136414480321802e-18 8.136414480321802e-18 8.136414634080821e-18 8.167486985339135e-18 
0.7566666666666667 2.338813293409987e-18 2.3388132934099867e-18 2.3388132934099867e-18 2.3388132934099867e-18 2.3388132934099867e-18 2.3388132934099867e-18 2.3388132934099867e-18 2.3388132934099867e-18 2.3388132934099867e-18 2.3388132934136467e-18 2.338563853282836e-18 
0.7633333333333333 6.648119771510187e-19 6.648119771510186e-19 6.648119771510186e-19 6.648119771510186e-19 6.648119771510186e-19 6.648119771510186e-19 6.648119771510186e-19 6.648119771510186e-19 6.648119771510186e-19 6.648119771510186e-19 6.650671933465706e-19 
0.77 1.8687168198825456e-19 1.8687168198825456e-19 1.8687168198825456e-19 1.8687168198825456e-19 1.8687168198825456e-19 1.8687168198825456e-19 1.8687168198825456e-19 1.8687168198825456e-19 1.8687168198825456e-19 1.8687168198825456e-19 1.86871682280649e-19 
0.7766666666666666 5.1943367725344793e-20 5.1943367725344793e-20 5.1943367725344793e-20 5.1943367725344793e-20 5.1943367725344793e-20 5.1943367725344793e-20 5.1943367725344793e-20 5.1943367725344793e-20 5.1943367725344793e-20 5.1943367725344793e-20 5.194336772534653e-20 
0.7833333333333333 1.4277731753077808e-20 1.4277731753077808e-20 1.4277731753077808e-20 1.4277731753077808e-20 1.4277731753077808e-20 1.4277731753077808e-20 1.4277731753077808e-20 1.4277731753077808e-20 1.4277731753077808e-20 1.4277731753077808e-20 1.4277731753077808e-20 
0.79 3.8808904291460936e-21 3.8808904291460936e-21 3.8808904291460936e-21 3.8808904291460936e-21 3.8808904291460936e-21 3.8808904291460936e-21 3.8808904291460936e-21 3.8808904291460936e-21 3.8808904291460936e-21 3.8808904291460936e-21 3.8808904291460936e-21 
0.7966666666666666 1.0431508619909637e-21 1.0431508619909637e-21 1.0431508619909637e-21 1.0431508619909637e-21 1.0431508619909637e-21 1.0431508619909637e-21 1.0431508619909637e-21 1.0431508619909637e-21 1.0431508619909637e-21 1.0431508619909637e-21 1.0431508619909637e-21 
0.8033333333333333 2.7727259926505565e-22 2.7727259926505565e-22 2.7727259926505565e-22 2.7727259926505565e-22 2.7727259926505565e-22 2.7727259926505565e-22 2.7727259926505565e-22 2.7727259926505565e-22 2.7727259926505565e-22 2.7727259926505565e-22 2.7727259926505565e-22 
0.81 7.2880506342098e-23 7.2880506342098e-23 7.2880506342098e-23 7.2880506342098e-23 7.2880506342098e-23 7.2880506342098e-23 7.2880506342098e-23 7.2880506342098e-23 7.2880506342098e-23 7.2880506342098e-23 7.2880506342098e-23 
0.8166666666666667 1.894352931353279e-23 1.894352931353279e-23 1.894352931353279e-23 1.894352931353279e-23 1.894352931353279e-23 1.894352931353279e-23 1.894352931353279e-23 1.894352931353279e-23 1.894352931353279e-23 1.894352931353279e-23 1.894352931353279e-23 
0.8233333333333334 4.8691815898491744e-24 4.8691815898491744e-24 4.8691815898491744e-24 4.8691815898491744e-24 4.8691815898491744e-24 4.8691815898491744e-24 4.8691815898491744e-24 4.8691815898491744e-24 4.8691815898491744e-24 4.8691815898491744e-24 4.8691815898491744e-24 
0.83 1.2376478136056633e-24 1.2376478136056633e-24 1.2376478136056633e-24 1.2376478136056633e-24 1.2376478136056633e-24 1.2376478136056633e-24 1.2376478136056633e-24 1.2376478136056633e-24 1.2376478136056633e-24 1.2376478136056633e-24 1.2376478136056633e-24 
0.8366666666666667 3.110890129267108e-25 3.1108901292671077e-25 3.1108901292671077e-25 3.1108901292671077e-25 3.1108901292671077e-25 3.1108901292671077e-25 3.1108901292671077e-25 3.1108901292671077e-25 3.1108901292671077e-25 3.1108901292671077e-25 3.1108901292671077e-25 
0.8433333333333334 7.732486989697064e-26 7.732486989697064e-26 7.732486989697064e-26 7.732486989697064e-26 7.732486989697064e-26 7.732486989697064e-26 7.732486989697064e-26 7.732486989697064e-26 7.732486989697064e-26 7.732486989697064e-26 7.732486989697064e-26 
0.85 1.9006453537080665e-26 1.9006453537080665e-26 1.9006453537080665e-26 1.9006453537080665e-26 1.9006453537080665e-26 1.9006453537080665e-26 1.9006453537080665e-26 1.9006453537080665e-26 1.9006453537080665e-26 1.9006453537080665e-26 1.9006453537080665e-26 
0.8566666666666667 4.6198807767204584e-27 4.6198807767204584e-27 4.6198807767204584e-27 4.6198807767204584e-27 4.6198807767204584e-27 4.6198807767204584e-27 4.6198807767204584e-27 4.6198807767204584e-27 4.6198807767204584e-27 4.6198807767204584e-27 4.6198807767204584e-27 
0.8633333333333333 1.110474656430053e-27 1.110474656430053e-27 1.110474656430053e-27 1.110474656430053e-27 1.110474656430053e-27 1.110474656430053e-27 1.110474656430053e-27 1.110474656430053e-27 1.110474656430053e-27 1.110474656430053e-27 1.110474656430053e-27 
0.87 2.63958190817132e-28 2.63958190817132e-28 2.63958190817132e-28 2.63958190817132e-28 2.63958190817132e-28 2.63958190817132e-28 2.63958190817132e-28 2.63958190817132e-28 2.63958190817132e-28 2.63958190817132e-28 2.63958190817132e-28 
0.8766666666666667 6.20455499420665e-29 6.20455499420665e-29 6.20455499420665e-29 6.20455499420665e-29 6.20455499420665e-29 6.20455499420665e-29 6.20455499420665e-29 6.20455499420665e-29 6.20455499420665e-29 6.20455499420665e-29 6.20455499420665e-29 
0.8833333333333333 1.4422333158315567e-29 1.4422333158315567e-29 1.4422333158315567e-29 1.4422333158315567e-29 1.4422333158315567e-29 1.4422333158315567e-29 1.4422333158315567e-29 1.4422333158315567e-29 1.4422333158315567e-29 1.4422333158315567e-29 1.4422333158315567e-29 
0.89 3.3152033812485166e-30 3.3152033812485166e-30 3.3152033812485166e-30 3.3152033812485166e-30 3.3152033812485166e-30 3.3152033812485166e-30 3.3152033812485166e-30 3.3152033812485166e-30 3.3152033812485166e-30 3.3152033812485166e-30 3.3152033812485166e-30 
0.8966666666666666 7.535897221704113e-31 7.535897221704111e-31 7.535897221704111e-31 7.535897221704111e-31 7.535897221704111e-31 7.535897221704111e-31 7.535897221704111e-31 7.535897221704111e-31 7.535897221704111e-31 7.535897221704111e-31 7.535897221704111e-31 
0.9033333333333333 1.693987708245316e-31 1.6939877082453156e-31 1.6939877082453156e-31 1.6939877082453156e-31 1.6939877082453156e-31 1.6939877082453156e-31 1.6939877082453156e-31 1.6939877082453156e-31 1.6939877082453156e-31 1.6939877082453156e-31 1.6939877082453156e-31 
0.91 3.765619149003557e-32 3.765619149003556e-32 3.765619149003556e-32 3.765619149003556e-32 3.765619149003556e-32 3.765619149003556e-32 3.765619149003556e-32 3.765619149003556e-32 3.765619149003556e-32 3.765619149003556e-32 3.765619149003556e-32 
0.9166666666666666 8.277777128322734e-33 8.277777128322734e-33 8.277777128322734e-33 8.277777128322734e-33 8.277777128322734e-33 8.277777128322734e-33 8.277777128322734e-33 8.277777128322734e-33 8.277777128322734e-33 8.277777128322734e-33 8.277777128322734e-33 
0.9233333333333333 1.799461664296023e-33 1.799461664296023e-33 1.799461664296023e-33 1.799461664296023e-33 1.799461664296023e-33 1.799461664296023e-33 1.799461664296023e-33 1.799461664296023e-33 1.799461664296023e-33 1.799461664296023e-33 1.799461664296023e-33 
0.93 3.868328373763428e-34 3.868328373763428e-34 3.868328373763428e-34 3.8683283737635245e-34 3.868328373777155e-34 3.868328373929823e-34 3.868328374785505e-34 3.868328376239793e-34 3.8683284027039915e-34 3.86832874988245e-34 3.868332622663298e-34 
0.9366666666666666 8.223491650803012e-35 8.223491696053874e-35 8.223540857526716e-35 8.224847948718183e-35 8.236583121578807e-35 8.293672197834912e-35 8.450888059209943e-35 8.363679150936059e-35 4.0447816148143085e-35 -2.825961962667864e-34 -1.0805482391384668e-33 
0.9433333333333334 1.7287877762963218e-35 8.054264615402373e-36 -6.270348593431698e-34 -5.847269682148515e-33 -2.657149250980049e-32 -8.184352500964835e-32 -1.8605081830728717e-31 -2.5452110163174562e-31 3.4265053091709434e-31 4.4406550536542284e-30 3.7065495814843e-29 
0.95 3.594015328574634e-36 6.821983575597418e-31 3.3943384530051035e-27 2.6352311689506222e-25 5.137780585958664e-24 4.764154960565757e-23 2.7821528755938656e-22 1.1870319389099366e-21 4.040123955117497e-21 1.1602849976911503e-20 1.4823335419677977e-20 
0.9566666666666667 7.388755318703098e-37 1.7493332314215847e-21 1.7493236160655984e-21 1.7485865845557945e-21 1.7347761885421753e-21 1.6143488440981167e-21 9.610565967202799e-22 -1.6139238429085072e-21 -9.697684166953161e-21 -2.7333201398512977e-20 -2.572295762781325e-20 
0.9633333333333334 1.5021595389039554e-37 -3.171062935738527e-21 -3.1710518659604442e-21 -3.170203350708475e-21 -3.1543039874753373e-21 -3.0156607468208187e-21 -2.263551238289086e-21 7.00921639381525e-22 1.0007433447605055e-20 4.0635495049651905e-20 2.118284522722352e-19 
0.97 3.020052835066886e-38 1.8517183590999147e-20 4.7046366837692935e-18 8.286128934942923e-17 5.833493480563444e-16 2.5081071822425944e-15 7.938299900156976e-15 2.0415590122807488e-14 4.52274647879583e-14 8.958421178938039e-14 1.6269669082690092e-13 
0.9766666666666667 6.004364004345373e-39 9.399105039574168e-14 2.2576477916294194e-12 1.317003371123312e-11 4.347895880498421e-11 1.0571656973831978e-10 2.1267079260139667e-10 3.7640424766024527e-10 6.077557774684117e-10 9.161463135051943e-10 1.3095604528757206e-9 
0.9833333333333333 1.1805211020421092e-39 2.4081051118018275e-9 1.5817312349076458e-8 4.4538838527909414e-8 8.928479991233009e-8 1.4920182768400854e-7 2.2281879914076723e-7 3.084920937199319e-7 4.0461097396301034e-7 5.096862274565182e-7 6.223816910004679e-7 
0.99 2.2952766568821922e-40 8.930822656481869e-7 3.013378453233847e-6 5.798845891297558e-6 8.921048394095576e-6 1.2184396288540358e-5 1.5471312813103503e-5 1.8711225227835728e-5 2.1862455385336697e-5 2.490135342024176e-5 2.7815627443915987e-5 
0.9966666666666667 4.4131748714466236e-41 7.338227599838427e-5 0.00012706345907392087 0.0001671922106601642 0.00019772436237566166 0.00022129087740056278 0.0002396923691707959 0.0002541922601770625 0.0002656966762656238 0.00027486822316719783 0.0002821998893243506 
